	K02663	K03006	K03283	K03289	K07671	K09802	K11707	K11708	K11709	K11710	K12436
K02663	0.0	0.0069023547606934165	0.008655655164622439	-0.14474066485428938	0.08408639733907403	-0.12405316456721761	-0.006713926945514999	-0.03463894577605323	-0.0069559138628234925	-0.0250663543020716	-0.018779438715496984
K03006	0.0	0.0	0.5436004043680206	0.11284133507527631	0.009560590296017213	0.03634838606670063	-0.09108783869196152	-0.08669827748451146	-0.10957315844804527	-0.07169607906364846	0.29810447892889835
K03283	0.0	0.0	0.0	0.18708682819444286	0.03453655383075585	0.09870806480414948	-0.09095901990492584	-0.08582270418157406	-0.12203134362695932	-0.07019233398393451	0.22608100448688037
K03289	0.0	0.0	0.0	0.0	0.04615051405175894	0.6910205179914697	-0.1656417104612396	-0.15606587811768027	-0.17813450390463997	-0.15958468791374114	0.06280896323656092
K07671	0.0	0.0	0.0	0.0	0.0	-0.03506195134686145	-0.11304877201471417	-0.1244799339702207	-0.10817617912289688	-0.09785720284947215	0.048667502716661246
K09802	0.0	0.0	0.0	0.0	0.0	0.0	-0.052532060037076764	-0.03640085771876082	-0.0467635968752244	-0.03696509270113639	0.004329712646601645
K11707	0.0	0.0	0.0	0.0	0.0	0.0	0.0	0.8914778736754373	0.8869265206520869	0.8700541123883619	-0.09684576357604763
K11708	0.0	0.0	0.0	0.0	0.0	0.0	0.0	0.0	0.8851668494395811	0.863384012029534	-0.08450060651900577
K11709	0.0	0.0	0.0	0.0	0.0	0.0	0.0	0.0	0.0	0.8556564805010195	-0.08262891562196537
K11710	0.0	0.0	0.0	0.0	0.0	0.0	0.0	0.0	0.0	0.0	-0.08524220232890352
K12436	0.0	0.0	0.0	0.0	0.0	0.0	0.0	0.0	0.0	0.0	0.0
