	K00314	K02663	K02664	K04110	K06893	K07022	K07389	K07671	K09490	K10562	K11707	K11708	K11709	K11710	K12856	K13931
K00314	0.0	-0.04584117493818985	0.15001989808853888	0.03837803666961187	0.2161061211179232	0.06241011592121858	-0.0497156005882935	-0.003137189220325087	0.11453933893769987	0.041558200970096756	-0.16876661570125043	-0.15404238179941093	-0.14991922735966928	-0.14412966282466216	0.09601046538539142	0.03362349792567869
K02663	0.0	0.0	-0.07974634621884386	0.01679470689343801	0.029366226425901757	-0.12224029357276528	0.6410625380202324	0.015250380295807012	0.03281189337384028	-0.034947486272519715	0.0460503948591061	0.02682328160486169	0.06475457411206964	-0.0014698757566866396	0.014761230864407698	0.2750321532630855
K02664	0.0	0.0	0.0	-0.030021750220645425	0.11701908237136571	0.15215118213786036	-0.04196833295561575	-0.01583122965321468	0.31042450145838224	0.19371269230716426	-0.16359467342088324	-0.21440167983028302	-0.20014418328856146	-0.20453712329130394	0.2666752240369341	0.06203073635452625
K04110	0.0	0.0	0.0	0.0	0.08822567641800383	0.03908416737778855	-0.056569892679728256	0.04257347578953503	0.012627375436847497	0.03185741695692975	0.14278938513789952	0.11719408917518125	0.16004803904800216	0.11420907649649945	0.00374016736461604	-0.11724525394164288
K06893	0.0	0.0	0.0	0.0	0.0	0.07164338742516689	0.017856880746944356	0.1213587776928513	0.1326250973784912	0.014824446365883582	-0.06306558605837748	-0.07570913508467238	-0.06742209610186765	-0.09001286824644936	0.06433128767969792	-0.029030411937385626
K07022	0.0	0.0	0.0	0.0	0.0	0.0	-0.09727299415609025	-0.02999847973363562	0.18650874968315495	0.05941390172887452	-0.09252744303189661	-0.09388246027164134	-0.07892189988114272	-0.1262960748207864	0.0948395893787028	-0.015880999814456048
K07389	0.0	0.0	0.0	0.0	0.0	0.0	0.0	-0.027506442098837368	-0.06563617420003476	0.043165273399880785	0.04729143197974187	0.042821594566922395	0.05410182813221832	0.015798789780780524	-0.06323455915876217	0.27989732713131704
K07671	0.0	0.0	0.0	0.0	0.0	0.0	0.0	0.0	0.14674921832059087	0.015097613948390617	-0.12016339717241271	-0.14271315542819846	-0.0921958570070606	-0.11137506318702571	0.03488583557918412	0.025370076204382114
K09490	0.0	0.0	0.0	0.0	0.0	0.0	0.0	0.0	0.0	0.15597769316788285	-0.09552871555440265	-0.11007708645021688	-0.1109997192539347	-0.09480167281637641	0.5580973193587273	0.09503766592275352
K10562	0.0	0.0	0.0	0.0	0.0	0.0	0.0	0.0	0.0	0.0	0.021731316436947323	-0.016465302061068762	-0.0215852566123916	-0.013651177991643578	0.06737671434513492	0.10651260739615313
K11707	0.0	0.0	0.0	0.0	0.0	0.0	0.0	0.0	0.0	0.0	0.0	0.8631198845614703	0.8239557263257247	0.8287818512404115	-0.10644454173675778	-0.20496882636432776
K11708	0.0	0.0	0.0	0.0	0.0	0.0	0.0	0.0	0.0	0.0	0.0	0.0	0.8506490064346368	0.8169669688521227	-0.1022438360389679	-0.19305590373527706
K11709	0.0	0.0	0.0	0.0	0.0	0.0	0.0	0.0	0.0	0.0	0.0	0.0	0.0	0.8179039678175913	-0.0898040477074692	-0.21817196941471426
K11710	0.0	0.0	0.0	0.0	0.0	0.0	0.0	0.0	0.0	0.0	0.0	0.0	0.0	0.0	-0.09893384435093049	-0.2485081613745128
K12856	0.0	0.0	0.0	0.0	0.0	0.0	0.0	0.0	0.0	0.0	0.0	0.0	0.0	0.0	0.0	0.02273962655564398
K13931	0.0	0.0	0.0	0.0	0.0	0.0	0.0	0.0	0.0	0.0	0.0	0.0	0.0	0.0	0.0	0.0
