	K00399	K00400	K02322	K02663	K03006	K03041	K03042	K03231	K03243	K03278	K03289	K06932	K07463	K10725	K11707	K11708	K11709	K11710	K13933	K14430
K00399	0.0	0.914562883226867	0.9146363699656211	-0.014841866932993606	0.2828363513954165	0.8845660421883821	0.8965706717642732	0.8714957557390659	0.8850192505660834	0.130069130466929	0.2718728971863195	0.9314846541520173	0.9240090050486431	0.9213076089348873	-0.18563331497676225	-0.17802133119219965	-0.19808118307996908	-0.1786892065785991	0.013616244860727603	0.05003793370287834
K00400	0.0	0.0	0.9006123423219983	-0.06125003479472552	0.2995060808761511	0.8905504984574801	0.9125187348415212	0.866372115813507	0.8540236768193508	0.12962806438130448	0.24637150370974883	0.9335295925544119	0.9141214328407885	0.9288276963294236	-0.18961773210558397	-0.16869109286224918	-0.18850717625109298	-0.16711434869125327	-0.01593621838227897	0.05720121901379263
K02322	0.0	0.0	0.0	-0.023971770356963733	0.3016747007390943	0.8832797073804837	0.8843293900213353	0.8686621639505223	0.8629677764310109	0.1237816367033308	0.25650182890434187	0.9294251875736104	0.9310001230485091	0.9242125184896667	-0.1429255515983103	-0.1489612629093291	-0.15722298232485019	-0.14958300278199368	-0.0030502249054980323	0.07119102924427992
K02663	0.0	0.0	0.0	0.0	0.03752482477682316	-0.013401964989503098	-0.046198218280635014	0.03975992591160451	-0.009197802927036154	0.016952220832710984	-0.17024944938645853	-0.025255272313625024	-0.017232762811816387	-0.03514700411166657	0.009611205979530206	-0.018434023554612478	0.004824859334386424	0.014784488717611191	0.4536940913990422	0.07346272209576314
K03006	0.0	0.0	0.0	0.0	0.0	0.3319929289364217	0.2920485824679462	0.4361134122998927	0.3919834572606073	-0.02360854300656142	0.14722196717718875	0.3018424139065965	0.29041425210118044	0.3169405446539302	-0.058076726412243485	-0.0444102791407099	-0.08062977136019935	0.004467231198847479	0.00670414325169854	0.15492955557998417
K03041	0.0	0.0	0.0	0.0	0.0	0.0	0.880251132169603	0.884007067819831	0.8690556024553974	0.13069365853878723	0.2779355340773706	0.8843371005060865	0.8890006227625878	0.8847803530419793	-0.2191188282973595	-0.20184617304870445	-0.2226900849101077	-0.20356522533732124	0.036672893870437547	0.04284337995066243
K03042	0.0	0.0	0.0	0.0	0.0	0.0	0.0	0.8493591641900214	0.8497441139270898	0.16576223880807234	0.21191046835922842	0.897048484672771	0.8921070072194413	0.8965711295235712	-0.17640880835668887	-0.16765974677992637	-0.178192813598795	-0.1631727140284176	-0.02610186991667585	0.06485470007057585
K03231	0.0	0.0	0.0	0.0	0.0	0.0	0.0	0.0	0.9072983924887977	0.11260764521638124	0.2588805184170283	0.8657321091338628	0.8801864680203234	0.8696756311291877	-0.20255779440004834	-0.1886467774446248	-0.20837118377261207	-0.154930558200297	0.03440776061975961	0.08234847695396443
K03243	0.0	0.0	0.0	0.0	0.0	0.0	0.0	0.0	0.0	0.1007854179221596	0.2689706466581351	0.8786518197691204	0.8770078157581833	0.8780971004524141	-0.21858711756545735	-0.21181056191753075	-0.22543320239482645	-0.16685487061863494	0.01107604481997825	0.02944931217844006
K03278	0.0	0.0	0.0	0.0	0.0	0.0	0.0	0.0	0.0	0.0	-0.04207772574219322	0.1063098633904226	0.11592212345270052	0.1365980004154378	-0.021193952372492626	-0.04123334972217572	-0.013942243683877805	-0.01995252528591168	-0.029232011796358533	-0.03378927899981063
K03289	0.0	0.0	0.0	0.0	0.0	0.0	0.0	0.0	0.0	0.0	0.0	0.2538009111601517	0.2489363453682563	0.2632293118394239	-0.11845408900867226	-0.10927201849644926	-0.13933326679984928	-0.09732818220659682	0.05503228869519369	-0.05035347401981757
K06932	0.0	0.0	0.0	0.0	0.0	0.0	0.0	0.0	0.0	0.0	0.0	0.0	0.9179306116876191	0.9264338570631495	-0.18246522025557596	-0.17011360249342827	-0.19607158248526785	-0.16964531297624033	-0.002545282101901716	0.044546388846562195
K07463	0.0	0.0	0.0	0.0	0.0	0.0	0.0	0.0	0.0	0.0	0.0	0.0	0.0	0.9358357962290443	-0.18802096204944085	-0.16408687248743717	-0.18611272496227385	-0.1680859501357446	0.0025333551894027953	0.05267122175362759
K10725	0.0	0.0	0.0	0.0	0.0	0.0	0.0	0.0	0.0	0.0	0.0	0.0	0.0	0.0	-0.18208682022266903	-0.1633233425421716	-0.18677460786772054	-0.15207536029727572	0.012988902817824803	0.03414947003964543
K11707	0.0	0.0	0.0	0.0	0.0	0.0	0.0	0.0	0.0	0.0	0.0	0.0	0.0	0.0	0.0	0.8966415733581463	0.9146682464363924	0.8848350916051452	-0.16353948183659636	0.01663328029256732
K11708	0.0	0.0	0.0	0.0	0.0	0.0	0.0	0.0	0.0	0.0	0.0	0.0	0.0	0.0	0.0	0.0	0.8976765197932951	0.8796043679343185	-0.1834336173690581	0.0042666422475753415
K11709	0.0	0.0	0.0	0.0	0.0	0.0	0.0	0.0	0.0	0.0	0.0	0.0	0.0	0.0	0.0	0.0	0.0	0.8629535301139724	-0.1920511491888767	0.0016987004490096483
K11710	0.0	0.0	0.0	0.0	0.0	0.0	0.0	0.0	0.0	0.0	0.0	0.0	0.0	0.0	0.0	0.0	0.0	0.0	-0.17256749453226852	0.01360558640936692
K13933	0.0	0.0	0.0	0.0	0.0	0.0	0.0	0.0	0.0	0.0	0.0	0.0	0.0	0.0	0.0	0.0	0.0	0.0	0.0	-0.10523662349183506
K14430	0.0	0.0	0.0	0.0	0.0	0.0	0.0	0.0	0.0	0.0	0.0	0.0	0.0	0.0	0.0	0.0	0.0	0.0	0.0	0.0
